844240 
381003 381008 511024 512025 523001 526006 531023 531033 532106 532178 532306 532385 532405 541053 541053 811225 821409 821410 822196 822198 824095 831016 831050 831104 831179 841227 841345 843076 844017 844021 844062 844240 844304 844338 845027 846120 847084 850014 881033 881034 881037 881050 882032 892202 892394 
511024 512025 512026 531032 541039 541053 811208 811225 821409 821410 822196 822198 824057 824083 824095 825013 831016 831050 831179 841227 841302 841327 841336 841345 842046 843076 844062 844072 844240 844241 846120 847083 847084 847087 847088 847161 850013 850014 853049 881033 881036 881037 882032 
381003 381008 511024 511025 512026 523028 532260 541053 541053 811103 821409 821410 822196 822198 824057 824095 824102 831016 831050 831104 831179 841227 841302 842046 843076 843107 844062 844241 844441 846120 847084 850014 853048 853049 881033 881034 881037 881050 882032 892202 892394 
381003 381008 511024 511025 512025 541053 811225 821409 821410 822196 822198 824051 824057 824070 824083 824095 824102 831016 831050 831104 831179 841227 841336 842046 843076 844021 844072 844240 844241 845025 845027 846120 847083 847084 847087 847088 850026 881033 881034 881037 881050 882032 883124 891011 891012 891013 892202 892394 
381003 381008 511024 511025 512025 512026 532009 541039 541051 541053 811225 821409 821410 821411 822196 822198 824057 824070 824083 824095 831016 831050 831104 831179 841227 841302 842046 843076 844062 844240 846120 847083 847084 847087 847088 850013 850014 853048 853049 881033 881050 882032 892202 892394 
381003 381008 511024 511025 512025 532009 532138 541053 811225 821409 821410 822198 824057 825013 831016 831050 831104 831179 841302 841327 843076 843107 844021 844072 844240 844241 844441 844462 846120 847083 847084 850014 853049 881033 881034 881036 881037 881050 882032 892202 
381003 511024 511025 512025 512026 532106 532106 541053 821410 821412 822196 824083 824095 831016 831050 841227 841302 842046 843076 844017 844021 844062 844072 844240 844304 844441 845025 847083 847084 850014 881033 881034 881036 881037 881050 882032 
381003 511024 511025 512025 523028 532106 532384 532387 532404 541050 541053 541053 811103 811225 821410 822196 822198 824051 824057 824070 824083 824095 824102 825013 831016 831050 831104 831179 841227 841302 841327 841336 841345 842046 843076 844062 844072 844241 844304 846120 847083 847084 847087 847088 847161 850014 851066 881033 881037 882032 883124 892202 892394 
381008 511024 511025 512025 512026 532009 532385 532387 541036 541039 541053 541053 811103 821410 822196 824057 824070 825013 831050 831104 841327 841336 841345 842046 844072 844240 844304 846120 847084 847087 853048 881033 881037 881050 882032 883124 
512025 532384 541053 541053 821410 821411 821412 822196 824070 824095 825013 831179 843076 844240 844304 846120 847084 850014 881050 
511024 512026 522025 532009 541053 811225 821410 822196 822198 824083 824095 824102 825013 831050 831104 831179 841302 841327 841345 842046 843076 844021 844062 844072 844240 844241 844304 844350 845026 846120 847087 847088 847161 850013 853049 881033 881065 882032 
381003 381008 511024 511025 532009 811208 811225 821410 822196 822202 822203 824051 824070 824095 831016 831104 831179 841227 841302 842046 844062 844240 844304 846120 847083 847084 847161 853048 853049 881033 881050 892394 
511025 512025 532306 532380 532389 532406 541053 541053 821410 821413 822196 824057 824102 831016 831179 841227 841336 841345 842046 844062 844240 844441 844462 847084 853048 853049 881033 881037 882032 883133 
511024 511025 512025 512026 523024 531022 532106 541053 541053 811103 811225 821410 821413 822196 824057 824070 824083 824095 824102 825013 831016 831050 831104 831179 841227 841302 841336 841345 842046 844017 844021 844038 844062 844072 844240 844241 844334 844337 844441 844462 845026 845027 846120 847084 847087 847161 850014 853048 853049 881033 881034 881036 882032 883124 
512025 512026 523024 531033 811103 811208 821410 821412 821413 822196 822203 824070 824083 824095 831016 831104 831179 841227 841336 842046 844062 844072 844240 844304 844441 846120 847087 853048 853049 881033 881034 881037 882032 883124 
511024 522025 523028 532388 532389 821410 821413 822196 822203 824083 844062 844240 844304 847161 853049 881033 
511024 821410 821413 822196 824070 824095 831016 841227 842046 844072 844240 844336 844441 844462 847087 847088 847161 853048 881033 881034 881036 881037 892394 
523001 532260 541053 811208 811225 821413 822196 824057 824070 824102 831050 841227 843107 844017 844021 844062 844240 844350 845026 845027 846120 850014 853048 881033 892394 
381003 511024 512025 811103 821410 821413 822196 822203 824057 824070 824083 824095 824102 831104 831179 841227 841327 841336 843076 844038 844062 844072 844240 844241 844304 844336 844441 845027 846120 847083 847084 847087 850014 853048 853049 881033 881050 882032 
381003 511024 511025 512026 541053 541053 811225 821410 821413 824057 824083 824095 824102 831016 831104 831179 841227 841302 841336 841345 842046 843076 844062 844240 844241 844304 845033 846120 847087 847088 850014 853048 881033 881034 881065 891013 
511024 511025 512025 521024 522025 541053 821410 821413 822196 822203 824051 824057 824083 824095 824102 825013 831016 831050 831104 831179 841227 841336 842046 843076 844062 844072 844240 844241 844304 844441 846120 847083 847084 847087 847088 847161 853048 853049 881036 881037 881065 882032 
511024 512026 523028 532260 821413 822196 822203 824051 824057 824070 824102 825013 831050 841227 844240 844241 844304 846120 847084 847087 847161 881033 881034 881036 881037 881050 882032 
511024 511025 512025 522025 523028 532260 541032 541053 541053 811103 811208 811225 821410 821413 822196 822203 824051 824057 824070 824083 824095 824102 831016 831050 831104 831179 841302 841327 841336 841345 843076 843107 844017 844021 844038 844062 844072 844240 844304 844336 844337 844350 844441 844462 845025 845026 845027 846120 847087 847088 847161 850013 853048 853049 881033 881034 881036 881050 882032 892202 
511024 511025 523001 523028 531023 531045 532260 541053 821410 821413 822196 822203 824051 824057 824070 824083 831179 841227 841336 842046 844062 844337 844338 844462 845027 845033 847087 853048 881037 881050 882032 891013 
511024 512025 532187 811103 811208 811225 821410 821413 822196 824051 824070 824083 824095 824102 831050 831179 841227 841336 841345 842046 843076 844038 844072 844240 844304 846120 847083 847087 847088 850014 853048 853049 881033 881034 881037 881050 882032 
381008 511024 512026 532009 811103 811208 821410 821413 822196 824051 824057 824095 824102 831016 831104 831179 841227 841302 842046 843076 844062 844072 844174 844240 844241 845026 847084 847087 847161 850014 853048 853049 881033 881036 881050 881065 892202 
511024 512025 532404 541050 541053 821410 821413 822196 822203 824051 824057 824095 824102 831016 831050 831104 831179 841227 841302 841336 842046 844062 844240 844241 844304 847083 847087 847161 853048 881034 881036 881037 881065 
511024 512025 811208 811225 821410 821413 822196 822203 824095 831050 841327 844062 846120 847084 847087 847161 853048 881033 881050 
381008 511024 511025 541053 811103 821410 821413 822196 822198 822203 824051 824057 824070 824083 824095 831016 841336 841345 844017 844021 844038 844062 844072 844240 844241 844304 844338 844350 845025 845026 845027 847087 853048 881033 881034 881065 882032 891012 891013 
381003 511024 541039 541051 541053 821410 821413 822196 822203 824057 824070 824083 824095 824102 831016 831050 831104 841227 841327 841336 841345 842046 844021 844038 844062 844072 844174 844240 844304 844350 844441 845025 845026 845027 846120 847087 847161 850014 853048 853049 881033 881034 881036 881037 881050 882032 883124 
511024 511025 512025 512026 532385 541039 541053 811103 821410 821413 822196 822198 822203 824057 824095 824102 831016 831050 831179 841227 841302 841336 841345 842046 843076 844021 844038 844062 844072 844240 844304 844350 844441 845025 845026 845033 847083 847087 847088 847161 850013 850014 853048 853049 881033 881034 881036 881037 881050 881065 882032 891012 891126 
381008 511024 511025 541036 541039 541053 541053 821410 821413 822196 822203 824057 824070 824095 824102 831104 831179 841227 841327 843076 844240 844441 846120 847084 847087 847088 847161 850014 853048 853049 881033 881034 881050 881065 882032 892202 
511024 512025 541036 541039 541053 811208 821410 821413 822196 822203 824070 824095 831050 831179 841345 842046 843076 844062 844240 844241 844441 845025 846120 847083 847084 847161 850026 853049 881033 881034 881050 882032 891128 892202 
512025 532260 532404 811208 811225 821410 821413 822196 822203 824057 831016 831050 831179 841227 841302 841327 841336 843076 844017 844021 844062 844240 844241 844304 844441 845025 845027 846120 847084 847087 847161 850014 853048 853049 881033 881034 881036 881037 881050 881065 882032 891011 891013 891127 892202 
381003 511024 532404 541053 811103 811225 821410 821413 822196 822203 824051 824057 824070 824083 824095 824102 831016 831050 831104 831179 841227 841302 841327 842046 843076 844017 844021 844038 844062 844240 844241 844304 844441 845027 846120 847084 847161 850014 853048 881033 881036 881037 881050 882032 
381008 511024 512025 512026 523028 531032 541039 541053 541053 811208 821410 821413 822196 822203 824057 824095 825013 831050 831104 831179 841227 841302 841336 841345 842046 843076 844017 844021 844072 844240 844241 844304 844334 844441 845025 845027 846120 847084 847087 847088 847161 850014 853048 853049 881033 881034 881036 881050 882032 891012 
381003 381008 511024 511025 512025 512026 532388 532405 541036 541039 541053 541053 811208 821410 821413 822196 822203 824070 824083 831016 831050 831104 831179 841227 841302 841336 841345 842046 843107 844017 844021 844038 844062 844072 844174 844240 844241 844304 844338 844350 844441 844462 845026 845027 846120 847083 847084 847087 847088 847161 850014 853048 853049 881033 881034 881036 881050 882032 892394 
381008 511024 512025 512026 541036 541053 811208 811225 821410 821413 822196 822203 824051 824057 824083 824095 825013 831016 831050 831104 831179 841227 841336 842046 843076 843107 844062 844072 844240 844241 844304 846120 847083 847084 847087 847161 853048 881033 881036 881037 881050 881065 882032 892202 892394 
381003 381008 511024 511025 541053 541053 811103 811208 811225 821410 821411 821413 822196 822203 824051 824057 824083 824095 825013 831050 831104 831179 841227 841302 841327 841345 842046 843076 844021 844038 844062 844072 844174 844240 844241 844304 844336 844350 844441 845025 845027 846120 847084 847087 847088 847161 850014 853048 853049 881033 881034 881036 881037 881050 881065 882032 891011 891012 892202 892394 
381003 381008 511024 511025 512025 512026 541039 541053 821410 821413 822196 822203 824051 824057 824070 824095 831016 831050 831104 831179 841227 841302 841327 842046 843076 843107 844062 844072 844240 844441 845025 847083 847084 847087 847088 847161 853049 881033 881034 881036 881050 881065 882032 891011 891012 
511024 541053 811225 821410 821413 822196 822203 824057 824083 825013 831016 831104 841336 842046 843076 844017 844021 844072 844240 844241 844304 844441 845027 846120 847084 847087 847161 850014 853048 853049 881033 881034 881037 881050 882032 892202 
511024 512025 512026 523028 541044 541050 541053 541053 811103 821410 821413 822196 822203 824051 824057 824083 831016 831104 831179 841336 841345 842046 843076 844017 844021 844062 844072 844240 844304 844337 844441 845025 845027 846120 847084 847087 847161 853048 853049 881033 881034 881036 881037 881050 881065 882032 891012 891127 892202 
381008 511024 512025 531022 532106 541036 541053 541053 811208 811225 821410 821411 821412 821413 822196 822203 824051 824070 824083 824095 831016 831050 831104 841302 841327 841336 841345 842046 843076 844062 844072 844240 844441 845025 846120 847084 847087 847088 847161 850013 850014 853048 853049 881033 881034 881036 881037 881050 881065 882032 891127 892202 892394 
381003 511024 511025 512025 531022 531033 541036 541039 541053 541053 811103 811225 821410 821413 822196 822203 824057 824095 825013 831016 831050 841327 841345 843107 844021 844038 844174 844240 844241 844334 844350 844441 845025 845026 845027 881033 881034 881036 881050 882032 883124 891011 891013 
381008 511024 511025 512025 512026 541036 541044 541053 821410 821413 822196 822197 822203 824083 824095 824102 831016 831050 831104 831179 841302 841336 844017 844021 844062 844072 844174 844240 844304 844441 845026 846120 847083 847084 847087 847161 853048 881033 881036 881037 881050 882032 
511024 511025 512025 512026 541053 811225 821410 822196 822203 824057 824083 825013 831050 831104 841302 841345 844017 844021 844174 844241 844334 844336 844350 845027 846120 847161 881033 881037 881050 882032 
511024 511025 512025 512026 541036 541049 541051 541053 541053 811225 821410 821413 822196 822203 824057 824070 824083 824095 831050 831104 831179 841302 841327 841345 842046 843076 844021 844038 844174 844240 844304 844350 844441 845025 845026 846120 847083 847084 847087 847088 847161 850013 853049 881033 881034 881036 881037 881050 881065 882032 891125 
511024 532384 541053 821413 824057 825013 831016 831050 841336 841345 842046 843107 844062 847088 853049 881033 881036 881050 881065 882032 
381003 511024 512025 512026 532260 541053 811225 821410 821413 822196 822203 824083 824102 831016 831050 831104 831179 841302 841327 841336 842046 843076 843107 844021 844038 844062 844072 844174 844240 844441 845026 845027 846120 847083 847084 847087 847161 850014 853048 853049 881033 881034 881036 881050 881065 882032 
381003 381008 511024 511025 512025 512026 532260 532260 532384 532385 541036 541053 541053 811225 821410 821413 822196 831104 831179 841302 841327 841336 841345 842046 844021 844240 844304 844441 846120 847084 847087 853048 853049 881033 881034 881037 881050 881065 882032 883124 
381003 381008 511024 511025 512025 512026 531022 532106 532260 541036 541039 541053 541053 811208 821410 821413 822196 822203 824057 824083 824102 831016 831050 831179 841327 841336 841345 842046 844072 844240 844304 844441 845025 846120 847083 847084 847087 847088 847161 853048 853049 881033 881034 881036 881037 881050 881065 882032 883134 891012 
381008 511025 512025 532178 532260 532388 532406 541053 541053 821413 824057 824083 842046 843076 844240 844304 846120 850014 853049 881033 881050 
511024 511025 512025 821413 822196 822203 824051 824070 824102 825013 831050 831179 841302 841336 842046 843076 844062 844240 844441 847087 850014 853048 881033 881034 881036 881037 881050 881065 882032 892202 
511024 512025 532178 532260 532384 541053 541053 811103 811208 811225 821410 821413 822196 831016 831050 831104 831179 841345 842046 844062 844240 844441 847087 853048 881033 881050 882032 
511024 512025 512026 541036 811208 811225 821410 821413 822196 822203 824057 831016 831104 831179 841327 841336 841345 843076 843107 844072 844240 844304 847084 847087 847088 850014 881033 881034 881036 881037 881050 882032 892394 
511025 541053 811208 821410 821413 822196 822197 831016 831050 844441 853048 881036 881037 892202 
511024 511025 512025 541053 541053 821410 821413 822196 822203 824057 831016 831104 841302 842046 843107 844017 844021 844038 844240 844241 844336 844338 844350 844441 845025 845026 845027 846120 847084 847087 847088 847161 853048 881033 881034 881036 881050 882032 883124 883134 892202 892394 
381003 381008 511024 511025 512025 512026 521024 532388 541032 541036 541039 541053 541053 811225 821410 821413 822196 822203 824051 824070 824102 825013 831050 831104 831179 841302 841327 842046 844017 844021 844062 844072 844174 844240 844241 844304 844334 844350 844441 844462 845025 845026 845027 846120 847083 847084 847087 847088 847161 853048 853049 881033 881036 881037 881050 881065 882032 883124 891011 891013 
512025 541032 541051 541053 821410 821413 822196 822203 824057 825013 831104 831179 841302 842046 843107 844038 844062 844304 844350 844441 845027 847083 847087 847088 847161 881033 882032 883124 
511024 511025 512025 512026 532384 532404 541053 811225 821413 822196 824057 824070 831016 831050 831104 841302 841336 841345 842046 843076 843107 844038 844072 844240 844241 844304 844350 844441 845025 845026 847084 847087 847088 850014 881033 882032 892202 
511024 511025 531033 532260 541053 821410 821413 822196 824057 831050 831104 831179 843076 843107 844304 844441 847087 881033 881034 881050 
511024 512025 512026 522025 532178 532405 541032 541036 821413 822196 824057 824095 831016 831104 841327 841345 842046 843107 844062 844240 847084 847088 881033 881036 882032 
381003 381008 511024 511025 512025 512026 541053 541053 811208 821410 821413 822196 824057 824070 824102 831016 831050 831104 831179 841327 841336 841345 842046 843107 844062 844072 844240 844241 844304 844441 847083 847084 847087 847161 850014 853048 853049 881033 881034 881036 881037 881050 882032 892202 
381003 381008 511024 511025 512025 512026 531033 532106 541053 541053 811103 811208 811225 821410 821413 822196 822203 824095 825013 831016 831050 831104 831179 841302 841327 841345 842046 843076 844021 844038 844062 844072 844240 844304 844338 844441 845025 845026 845027 846120 847083 847084 847087 850013 850014 853048 853049 881033 881034 881036 881037 881050 882032 891013 
381003 511024 511025 512025 541032 541053 821410 821413 822196 831016 831050 831104 831179 841302 841327 841336 841345 844062 844072 844174 844240 844441 845026 847083 847087 847088 850013 881033 881034 881036 881037 881050 881065 882032 
511024 511025 512025 512026 532260 821410 821413 822196 822203 824083 831016 831050 831104 831179 842046 843107 844062 844072 844174 844240 844304 847087 847161 850014 881033 881036 881037 881050 882032 
511024 512025 522025 523001 532260 532388 541050 541053 541053 811225 821410 821413 822196 824057 824095 824102 831016 831050 831104 831179 841302 841327 841336 841345 842046 843076 843107 844062 844240 844241 844304 844350 844441 845026 846120 847083 847084 847087 847161 850014 853048 853049 881033 881034 881036 881065 882032 892202 
511024 511025 512025 512026 532009 541039 541053 811225 821410 821413 822196 822203 824051 824057 824083 831016 831104 831179 841302 841327 841336 842046 843107 844062 844072 844174 844240 844241 844304 844441 845026 847084 847087 847088 847161 853048 853049 881033 881034 881050 881065 882032 892202 892394 
511024 512025 522025 541051 541053 821410 821413 822196 822203 824051 824083 824095 824102 831016 831050 831179 841327 841336 841345 842046 843107 844062 844072 844174 844240 844350 844441 845025 845027 847083 847084 847088 853049 881033 881034 881037 881050 881065 882032 891013 
381003 512025 811103 821410 821413 822196 822203 824083 824095 824102 831016 831104 841327 842046 844038 844062 844072 844240 844441 845026 845027 846120 847083 847087 853049 881033 881034 881050 882032 892202 892394 
381003 381008 511024 512025 512026 531022 541053 811103 811208 811225 821410 821413 822196 822203 824051 824083 824102 825013 831016 831050 831104 841302 841327 841336 841345 842046 843076 843107 844021 844062 844240 844241 844334 844350 844441 845026 846120 847083 847084 847161 853049 881033 881034 881036 881037 881050 881065 882032 892202 
532106 541053 821413 822196 824051 831104 842046 847084 881033 881034 881036 881037 881050 882032 
381003 511024 512025 512026 541053 811225 821410 821413 822196 822202 822203 824057 824095 825013 831104 831179 841302 841327 842046 844062 844240 844304 847087 847161 853049 881033 881034 881036 881037 881050 882032 892202 892394 
381003 511024 511025 512025 512026 522028 532405 541053 541053 811225 821410 821413 822196 822203 824057 824083 831016 831104 841345 842046 844021 844062 844072 844240 844350 844441 845026 847161 853048 881033 881036 881037 881050 882032 
381003 511024 512025 541053 811103 811208 811225 821410 821413 822196 822203 824051 824057 824083 824095 824102 831016 831104 841336 842046 844017 844062 844072 844240 844241 844304 844338 844441 845026 847161 853048 853049 881033 881036 881037 882032 892394 
381003 381008 521024 523001 523024 532260 541053 541053 821410 821413 822196 822203 824057 824102 831016 831050 831104 841302 841345 842046 844038 844062 844072 844240 844334 844350 844441 845025 845026 845027 846120 847087 847161 853048 853049 881033 881034 881037 881050 882032 892202 892394 
381003 511024 512025 541053 811103 821410 821413 822196 822203 824057 831016 831104 831179 841327 841336 841345 842046 844062 844072 844240 844241 844304 844441 845025 845026 846120 847083 847084 847087 847161 853049 881033 881037 881050 881065 882032 
381003 381008 511024 512025 531033 541039 541053 541053 811225 821413 822196 822203 824057 824070 831050 831104 831179 841302 841327 841336 842046 843076 843107 844062 844174 844240 844241 844304 844441 846120 847087 847161 850014 853048 853049 881036 881037 881050 881065 882032 
511024 532406 541053 811225 821410 821413 822196 822203 824051 824095 831050 841336 841345 844017 844021 844062 844174 844240 844334 844336 844350 844441 845025 845026 845027 846120 847087 853048 881033 881037 882032 891011 891013 
512025 541053 541053 811103 811208 811225 821410 821413 822196 822203 824095 831104 831179 841302 841336 842046 844062 844174 844240 844241 845025 845027 847161 881034 881037 881050 882032 891011 891012 892394 
381003 511024 511025 512025 522028 541053 811225 821410 821413 822196 822203 824057 824070 824083 831104 831179 841302 841336 841345 842046 844062 844072 844240 844241 844304 844334 844441 845025 846120 847083 847084 847087 847161 881033 881034 881036 881037 881065 882032 
511024 511025 512025 532260 541048 541053 541053 811208 821410 821413 822196 824051 824057 824102 831016 831050 831104 841327 841336 841345 842046 843107 844062 844174 844240 844241 844441 845026 846120 847084 847087 847161 850013 851066 853048 853049 881033 881034 881050 882032 892394 
381003 381008 511024 522028 532404 541036 541053 821410 821413 822196 824057 824095 831016 831050 831104 841302 842046 844021 844062 844072 844174 844240 844304 844334 844441 847083 847087 847088 847161 853049 881033 881036 881050 881065 882032 
511024 511025 512025 821410 821413 822196 822203 824057 824095 831050 831104 841336 841345 842046 843107 844072 844240 844241 844304 844441 847087 847161 881050 882032 892202 
511024 512026 541053 541053 811103 821410 821413 822196 824057 824070 824102 831016 831104 831179 841327 841345 842046 844017 844021 844062 844174 844240 844241 844304 844441 845026 845027 846120 847084 847087 853048 853049 881033 881034 881065 882032 883124 892394 
381008 511024 511025 512025 532009 532260 532384 532385 541039 541053 821413 822196 822203 824083 824095 824102 825013 831050 831104 831179 841302 841327 841345 842046 844017 844062 844240 844241 844241 844304 844334 844441 844462 845025 845027 846120 847084 847087 847161 853048 853049 881033 881034 881036 881037 881050 882032 
511024 522028 532404 541053 541053 811225 821410 821413 822196 824095 824102 831016 831104 841302 843076 844241 844304 845025 847161 850014 881034 891011 891012 892202 
541053 821410 821413 822196 822203 824102 831016 831050 841302 841327 842046 844304 847087 847161 881033 
381003 511024 532187 532380 532404 811208 821410 821413 822196 824057 824095 824102 831050 831179 841327 841336 844240 844241 844350 844441 847087 847161 853048 881065 892202 
511024 541044 811225 821410 821413 822196 822203 824057 824095 831016 831104 841345 842046 844062 844174 844240 844241 844441 846120 847087 847161 853048 853049 881033 881036 881050 892202 
532260 541050 811225 821410 821413 822196 822203 824083 831050 831104 844072 844174 844240 844334 845025 847087 881037 881065 882032 883124 891012 891127 
511024 511025 512025 523024 532009 532380 541036 541053 541053 811103 811208 811225 821410 821413 822196 822203 824057 824070 824083 824095 824102 831016 831050 831104 831179 841302 841327 841336 841345 842046 843076 844062 844072 844174 844240 844241 844241 844441 845025 846120 847087 847088 847161 850013 853048 853049 881033 881036 881037 881050 881065 882032 891013 892202 892394 
821410 821413 822196 822203 824057 824070 824083 824095 824102 831050 841336 842046 844072 844240 844241 844304 844441 847084 847161 850014 853048 853049 881050 891011 
511024 512025 541036 541053 821410 821413 822196 822203 824057 824083 824095 831179 842046 844062 844072 844240 844304 844441 847084 847161 853048 881033 
381008 511024 811103 811208 821410 821413 822196 822203 824057 824070 824095 831016 831104 831179 841327 841336 841345 842046 843076 844072 844240 844241 844241 844304 844441 846120 847083 847084 847087 847161 850014 881036 881050 882032 
511024 512025 522028 532380 532404 811103 811225 821410 821413 822196 822203 824057 824070 824095 824102 831050 831104 831179 841327 843076 844062 844174 847084 847087 850013 853048 881037 882032 
511024 511025 512025 512026 541053 821410 821413 822196 824051 824057 824070 824083 824095 831050 831179 841302 841345 842046 843076 844062 844072 844240 844241 844337 844441 847087 847161 850013 853048 853049 881033 
381003 381008 511024 512025 521024 531033 532260 532260 532380 541053 811208 821410 821413 822196 822203 824057 824095 824102 831050 841302 841327 841336 842046 844072 844240 844241 844304 844334 844338 844441 845025 846120 847084 853048 881033 881037 881050 881065 882032 891013 891127 
381003 381008 511025 512026 532178 532384 532389 532404 541048 541053 821410 821413 822196 824057 824095 831016 841302 841345 842046 844062 844241 844441 847087 847161 853048 853049 881033 881036 881037 882032 892202 
511024 512026 526006 541053 811208 821410 821413 822203 824051 824057 824070 824083 824095 824102 831104 831179 841327 841336 841345 842046 843076 844241 844241 844304 844334 844350 844441 845025 845026 847084 847087 847161 853048 853049 881033 881034 881050 881065 882032 892394 
511024 512025 522028 541053 541053 811208 821410 821413 822196 822203 824057 824083 824095 831104 842046 844241 844241 844304 844441 847088 847161 853048 853049 881033 881036 881037 881050 881065 892202 892394 
511025 512026 541036 811225 821410 821413 822196 822203 824057 824083 824095 825013 831050 831104 841302 841345 842046 844062 844240 844334 847087 847161 853048 853049 881033 881036 881037 881050 882032 
511024 511025 512025 522025 532404 811225 821410 821413 822196 822203 824057 824083 824095 831104 842046 843076 844017 844062 844072 844240 844241 844441 845026 846120 847083 847084 847087 847161 850014 853048 853049 881033 881065 882032 892394 
511024 511025 523024 541053 541053 811225 821410 821413 822196 824057 824070 824095 831016 831104 831179 841302 841327 841345 842046 844017 844062 844072 844240 844334 844441 844462 845027 847084 847087 847088 847161 853048 853049 881033 881037 882032 892202 
511025 811225 821410 821413 822196 822203 824051 824057 824095 825013 831016 831050 831104 841302 841327 842046 843076 844062 844072 844240 844241 844441 847083 847084 847088 847161 850013 850014 853048 853049 881033 881036 881037 881050 882032 892202 
511024 531033 532260 541053 811225 821410 821413 822196 822203 824051 824057 824083 824095 824102 831016 831050 831179 841302 841327 841336 842046 843076 844072 844174 844240 844241 844338 844441 844462 847087 847161 850013 882032 
511024 821410 821413 822196 822203 824057 824083 831179 841327 841345 842046 844038 844062 844072 844240 844241 844441 847083 853048 853049 882032 
511024 511025 521024 541036 541053 541053 811225 821410 821413 822196 822203 824057 824095 831016 831050 831104 841327 841336 842046 843076 844062 844174 844240 844241 844304 844441 847084 847087 847161 850013 853048 881033 881037 881050 892202 892394 
511024 811225 821410 822196 822203 824057 824083 824095 825013 831104 841327 841336 842046 843076 844062 844072 844240 844441 845025 845026 846120 847087 847161 850013 853048 853049 881033 881034 881050 891013 
511024 811208 821410 821413 822196 824057 824095 831016 842046 844072 844240 844441 846120 847084 847087 847161 853048 853049 881033 881037 882032 
511024 512025 541039 811103 811208 811225 821410 821413 824051 824057 824095 831104 831179 842046 843076 844241 844304 845026 847087 850014 853048 853049 881033 881034 891011 
511024 511025 512025 532260 541036 541053 541053 811208 811225 821410 821413 822196 822203 824051 824057 824095 824102 831050 831104 831179 841302 841336 841345 842046 843076 844062 844072 844174 844240 844241 844241 844441 847087 847161 853048 853049 881033 881036 881037 881065 882032 891011 892202 892394 
381003 511024 511025 512025 541039 541053 811103 811225 821410 821413 822196 822203 824057 824070 824083 824095 831016 831050 831104 831179 841302 841336 841345 842046 843076 843107 844021 844062 844072 844174 844240 844241 844304 844338 844350 844441 844462 845026 845027 846120 847084 847088 847161 853048 853049 881033 881034 881036 881037 881050 882032 883124 892394 
381008 511024 512026 541053 811225 821410 821413 822203 824051 824057 824070 824102 831050 831179 841302 841327 842046 843076 844240 844241 844304 844334 844350 844441 846120 847083 847087 850013 853048 853049 882032 892394 
512025 821410 821413 822196 822203 824051 824070 824083 824095 831179 842046 844062 844240 844241 844304 844334 844337 844441 845025 845027 847087 847161 853048 853049 881033 881034 
824057 844240 844441 847084 881037 
511024 822196 822203 824057 824070 831104 843076 844072 844240 844337 844441 850013 
541053 811208 821410 821413 822196 822203 831179 842046 844240 844441 846120 847087 847161 853048 853049 881033 881050 882032 
381003 511024 512025 523001 541051 541053 541053 811103 811208 811225 821410 821413 822196 822203 824057 824070 824083 824095 824102 831016 831050 831104 831179 841302 841327 841336 841345 842046 843076 844017 844021 844062 844072 844240 844241 844304 844350 844441 845026 846120 847084 847087 847161 850014 850026 853048 853049 881033 881034 881036 881037 881050 882032 883124 892202 892394 
381003 511024 511025 541053 811103 811208 811225 821410 821413 822196 822203 824057 824070 824083 824095 824102 831016 831039 831050 831104 831179 841302 841327 841336 844062 844072 844174 844240 844337 844462 845025 845026 847083 847084 847087 847161 853048 853049 881033 881036 881037 881065 882032 892202 892394 
511024 512025 811208 821413 822196 822203 824070 824095 824102 825013 831016 831179 841327 841336 842046 843076 844021 844038 844062 844072 844174 844240 844304 844350 844441 845026 846120 847161 853048 881037 881050 881065 892202 
511024 512025 811103 821413 822196 824095 831104 842046 844021 844038 844062 844240 844241 844350 845027 846120 847161 881033 881034 881036 881037 
511024 522028 811208 821410 821413 822196 824051 824057 824070 824083 824095 825013 831050 841302 841327 841336 841345 842046 843076 844017 844062 844072 844240 844241 844350 844441 845025 845027 846120 847084 847087 847161 853048 853049 881033 881065 882032 891011 891012 
532384 541053 821410 821413 822196 822203 824057 824083 824095 825013 831050 831104 831179 841327 841336 841345 842046 843076 844062 844072 844174 844240 844304 844441 845026 846120 847084 847087 847161 850014 853049 881033 881034 881050 882032 892202 
512025 811103 811208 821410 821413 822196 824095 844038 844062 844240 845025 845027 853048 891011 891013 
811103 811208 821001 821228 822087 822196 824057 824070 831104 831179 844062 844072 844240 844441 846120 847087 850013 850014 881034 
824083 844062 844174 
511024 512025 811103 811208 811225 821001 821228 822087 822196 824057 824070 824083 824095 825013 831016 831104 831179 841327 841336 842046 843076 844072 844240 844241 844241 844334 844441 845026 847087 847161 850014 853048 853049 881034 881036 881037 881050 881065 882032 892394 
511024 821228 822087 822196 824057 824070 824095 831104 842046 844038 844072 844240 844334 844350 844441 845026 853049 
511024 511025 821228 822196 824057 824095 831179 844021 844240 844241 844334 844337 844441 847085 853049 881033 881037 
511024 512025 521024 532106 541036 811103 811208 811225 821001 821228 822087 822196 824051 824057 824070 824095 831104 831179 841327 841345 842046 844017 844021 844062 844174 844240 844241 844350 844441 844462 845027 847161 850014 853048 853049 881033 881034 881036 881050 881065 882032 
381003 381008 511024 511025 512025 512026 521024 522028 531033 532384 541032 541049 811103 811208 811225 821001 821228 822087 822196 824051 824057 824070 824095 824102 825013 831050 831104 831179 841029 841302 841327 842046 844017 844021 844062 844072 844174 844240 844304 844334 844337 844441 845027 846120 847085 847161 850013 853048 853049 881033 881034 881050 882032 892202 892394 
511024 511025 821228 822196 824057 831050 831179 841302 842046 843076 844017 844062 844240 844334 844350 845027 850026 853049 881033 882032 
511024 512026 523001 532106 541032 811208 821001 821228 822196 824057 824070 831104 841029 841302 841327 842046 844017 844021 844062 844072 844174 844240 844241 844304 844441 845026 845027 847113 847161 881033 881034 881036 881037 881050 882032 892202 
511024 821228 822087 822196 824057 824083 825013 831016 831179 841345 842046 844062 844072 844240 845025 847161 853048 881033 881050 
511024 511025 512026 821001 821228 822196 824057 824070 831016 841302 841345 842046 844017 844062 844240 844337 844350 844441 845027 846120 847113 853049 881033 881034 
822087 822196 831179 844062 844241 
511024 821001 822087 824057 824070 824095 843076 844017 844072 844240 844334 844350 845026 850013 853049 881033 882032 
811103 811208 811225 821228 822196 824057 824070 824095 824102 844240 844241 844241 844334 844441 853049 892202 892394 
822196 
511024 821228 822196 824095 
532380 821228 822087 824083 831016 831050 831104 841029 841302 841327 841345 842046 843076 846120 847085 847113 847161 850014 
511024 531033 532260 532404 811103 811208 811225 821228 822196 824051 824083 831050 831179 841029 841327 842046 843076 844072 844240 844334 844441 844462 847113 847161 850026 853049 881034 881050 882032 892202 892394 
381008 511024 512025 821228 822087 822196 824095 831016 841345 844062 844072 844240 844241 847113 853048 853049 881033 881037 
