891125 
511024 811103 811225 821001 821012 821114 821375 822006 822087 822095 822136 823018 824061 825012 825013 831013 831016 831179 841200 842046 843286 844070 844072 844097 844240 844441 846029 846032 847079 847084 847085 847161 850014 850026 853050 853169 862094 881033 881034 881035 881036 881037 881058 882032 882043 882066 882068 892370 892433 
511024 512025 811225 821001 821002 821012 821146 821228 821351 821375 822006 822007 822087 822095 822136 822164 823018 824083 824095 824096 825013 831016 831179 835009 841200 842046 843075 843076 843286 844022 844048 844062 844072 844097 844240 844441 845025 845027 845033 847079 847083 847084 847085 847087 847161 850011 850013 850014 853049 853050 881033 881034 881035 881036 881037 881043 882032 882043 882064 891011 891012 892213 892394 892433 
511024 512025 811103 811225 821001 821012 821228 821351 821375 822006 822007 822087 822095 822136 822145 824057 824061 824096 831016 831179 841200 841243 842046 843076 843286 844017 844021 844038 844070 844072 844240 844350 844441 845025 845026 845027 845033 846029 846032 847079 847083 847084 850013 853050 862094 881033 881034 881035 881036 881037 881043 881065 882032 891012 892370 892433 
511024 511025 512025 811103 811225 821001 821002 821012 821146 821206 821228 822006 822007 822087 822095 822145 822164 824057 824095 824096 825012 825013 831016 831104 831179 841200 842046 843076 843286 844021 844038 844048 844070 844072 844097 844174 844240 844304 844350 844441 845027 846029 846032 847079 847083 847084 847085 847161 850011 850026 853048 853050 881033 881034 881035 881036 881037 881040 881057 881058 881061 881065 882032 882043 882052 882064 882066 882092 892370 892394 892433 
512025 811103 811225 821001 821002 821012 821146 821200 821206 821228 821351 822006 822007 822044 822087 822095 822164 824057 824061 824095 824096 825012 825013 831016 831104 831179 841243 842046 844017 844021 844038 844048 844062 844070 844072 844097 844240 844304 844441 845025 845026 845027 845033 847084 847085 847161 853050 862002 881033 881034 881035 881036 881037 881060 881061 881065 882032 882043 882066 891013 891127 892370 892394 892433 
511024 512025 811225 821001 821002 821012 821114 821146 821228 822006 822007 822087 822095 822145 824061 824095 824096 825013 831013 831016 831104 831179 841200 841243 842046 843075 844021 844038 844048 844072 844097 844174 844240 844304 844334 844441 845025 845026 845027 845033 846029 847079 847083 847084 847087 847088 847161 850013 850026 853050 881033 881034 881036 881037 881043 881050 881057 881058 881065 882032 882064 882092 882108 882142 892370 892394 892433 
511024 512026 811103 811225 821001 821012 821146 821228 822006 822007 822087 822136 824061 824096 825013 831016 831104 831179 835009 841243 842046 842141 844017 844038 844048 844070 844072 844097 844240 844304 844350 844441 845025 845026 845027 845033 846029 846032 847084 847085 847087 847088 847161 850013 853049 853050 862094 881033 881034 881036 881037 881040 881050 882032 882043 882064 882066 891010 892370 892394 892433 
511024 512025 811103 811225 821001 821146 821228 822006 822007 822044 822087 822095 822136 824083 824095 831016 831104 831179 841200 842046 842141 844048 844070 844072 844097 844240 844304 847079 847083 847084 847087 847088 847161 862002 862094 881034 881035 881036 881037 881050 881060 882032 882043 882064 892433 
511024 512025 811103 811225 821001 821012 821114 821146 821200 821228 821351 822006 822007 822087 822095 822136 822164 824061 824095 831016 831179 841200 842046 843076 843286 844038 844048 844072 844097 844240 844304 844337 844338 845026 846032 847079 847083 847084 847085 847161 850014 853050 862094 881033 881034 881035 881036 881037 881050 881051 881059 881060 882032 882066 892394 892433 
511024 512025 512026 811225 821001 821002 821012 821206 821228 821351 821375 822006 822007 822087 822095 822136 822164 824057 824061 824096 831013 831016 831104 831179 841200 842046 842141 844038 844070 844072 844097 844240 844304 844337 845025 845026 845027 846029 846032 847079 847083 847084 847085 847087 847161 850026 862002 881033 881034 881035 881036 881037 881043 881051 882032 882064 891010 892213 892370 892394 892433 
512025 811225 821001 821228 822006 822007 822095 822136 823018 824083 831016 831048 841200 842046 842141 844017 844072 844097 844240 844338 844350 845027 845033 846029 846032 847083 847084 847087 847161 850011 853050 862094 881035 881036 881037 881043 881051 881065 882032 882142 882143 892370 892394 
511024 512025 811103 811225 821012 821114 821146 821206 821228 822006 822007 822087 822095 822145 824061 824083 824095 824096 831016 831179 842046 842141 843076 844017 844020 844038 844072 844097 844240 844304 844350 844441 845026 845027 847079 847083 847085 847087 847161 853048 862094 881033 881034 881035 881036 881037 881060 882032 882066 882092 892370 892433 
511024 511025 512025 512026 811103 811225 821001 821002 821012 821228 821351 822006 822007 822087 822095 822136 823018 824083 831013 831016 831048 831104 831179 841200 842046 843076 844021 844070 844072 844097 844240 844241 844441 845027 845033 846029 846032 847083 847085 847087 847161 850014 853050 862094 881033 881034 881035 881036 881050 881057 882032 882043 882064 882066 892370 
511024 821001 821114 821146 821228 822006 822007 822044 822087 822136 822164 824061 824083 824096 831016 841243 842046 842141 844017 844021 844048 844062 844072 844097 844174 844240 844304 844334 844337 844441 845027 846029 846032 847079 847083 847084 847085 847161 853050 862002 862094 881033 881034 881035 881036 881050 882032 882043 882064 882092 882142 892394 
511024 512025 811225 821001 821012 821114 821146 821228 821375 822006 822007 822136 824057 824061 824083 824096 825013 831016 831048 831179 841200 842046 842141 843075 844017 844020 844021 844038 844048 844062 844070 844097 844240 844304 844336 844350 844441 845025 845026 845033 847079 847083 847084 847161 850014 853049 853050 881033 881034 881035 881036 881037 881040 881057 881061 882032 882043 882064 882066 882092 891010 891013 892213 892370 892394 892433 
511024 511025 811103 821012 821114 821146 822006 822007 822087 822095 822136 822164 824096 831016 831104 831179 841200 841243 842046 844021 844022 844038 844048 844072 844097 844174 844240 844334 844336 844337 844441 845026 845027 845033 846032 847083 847084 847085 847087 847161 850014 853050 881033 881034 881036 881037 881043 881061 882032 882043 882064 882066 882067 882092 892370 892433 
511024 511025 512025 811103 811225 821001 821002 821012 821114 821146 821200 821228 822006 822007 822087 822095 822136 822164 823018 824057 824061 824083 824096 825012 831013 831016 831048 831104 831179 841200 842046 842141 844048 844070 844072 844240 844334 844441 845025 846029 846032 847079 847083 847084 847085 847087 847161 853049 853050 862094 881033 881034 881035 881036 881037 881050 881065 882032 882064 882092 882107 882108 891010 892213 892370 892394 892433 
511024 511025 811103 811225 821001 821002 821012 821114 821146 821228 822006 822007 822044 822087 822095 822136 822164 824057 824096 825013 831016 831104 841200 841243 842046 842141 844017 844020 844062 844070 844072 844097 844240 844241 844304 844441 845025 845026 846029 846032 847079 847083 847084 847088 847161 853050 862094 881033 881034 881036 881037 881050 881051 881057 882032 882043 882064 882066 882107 882108 882142 892213 892370 892394 892433 
511024 511025 512025 512026 811103 811225 821001 821012 821114 821375 822006 822007 822044 822136 823018 824057 824061 824083 824096 825012 831016 831104 831179 841200 842046 842141 844048 844062 844070 844072 844097 844240 844304 844441 845025 845033 847079 847083 847084 847087 847161 850011 853050 862094 881033 881034 881036 881037 881043 882032 882064 882107 882108 882142 882143 891010 892370 892394 892433 
511024 511025 512025 811103 811225 821001 821012 821114 821146 821200 821228 822006 822007 822087 822095 822136 822164 823018 824057 824061 824083 824095 824096 831016 831104 831179 841200 842046 843076 843286 844062 844070 844097 844240 844441 845025 845033 846029 846032 847083 847084 847085 847087 847088 847161 850011 862002 881033 881035 881036 881037 881050 881060 881065 882032 882043 882052 882064 882066 882067 882092 882108 892370 892394 892433 
511024 511025 512025 811103 811225 821001 821012 821114 821200 821228 822006 822007 822087 822095 822136 823018 824057 824061 824083 824095 824096 825013 831016 831048 831179 841200 842046 842141 843075 843286 844017 844020 844038 844048 844072 844097 844240 844304 844441 845026 845027 845033 846029 846032 847079 847083 847084 847085 847087 847161 853048 853050 881033 881034 881036 881043 881050 881051 882032 882064 882067 892213 892370 892433 
511024 511025 512025 811225 821001 821002 821012 821114 821200 821228 821375 822006 822007 822087 822095 822136 822164 824057 824061 824095 824096 825012 831016 831048 831104 831179 841200 842046 843075 843076 844017 844021 844062 844072 844097 844174 844240 844304 844337 844350 844441 845025 845026 845027 845033 846029 846032 847083 847084 847085 847087 847161 850011 850014 850026 853049 862002 881033 881034 881036 881037 881050 882032 882043 882064 892370 892394 892433 
511024 811103 811225 821001 821002 821005 821012 821146 821228 821351 822006 822007 822087 822095 822136 822164 824057 824061 824083 825013 831016 831104 831179 835009 841200 841243 842046 842141 843076 844017 844070 844072 844097 844240 844304 844337 844441 845027 846029 847084 847087 847161 850026 853050 881033 881034 881036 881040 881050 882043 882052 882064 882092 882107 882108 882142 892213 892394 892433 
511024 512025 811103 811225 821001 821002 821012 821146 821200 821228 822006 822007 822087 822136 822145 822164 824061 824083 824095 824096 825013 831013 831016 831048 831104 831179 835009 841200 841243 842046 842141 843286 844038 844048 844062 844072 844097 844240 844304 844334 844441 845025 845026 845033 846029 846032 847079 847083 847084 847085 847087 853049 853050 853169 881033 881034 881037 881043 881050 881057 881065 882032 882043 882066 882092 882107 882142 891010 892370 892394 892433 
811103 811225 821001 821005 821114 821228 822006 822007 822087 822095 822136 822164 823018 824083 824096 825013 831016 831048 831179 841200 842046 842141 844017 844020 844021 844022 844062 844072 844174 844240 844304 844337 844338 844350 844441 845025 845026 845027 846029 846032 847079 847084 847085 847161 881033 881035 881036 881037 881043 881050 881058 882032 882043 882052 882064 882068 882092 892213 892370 892433 
511024 511025 512025 811225 821001 821002 821012 822006 822007 822087 822136 824070 824083 824096 825013 831016 831087 831104 831179 841200 841346 842046 842072 843075 844072 844097 844099 844240 844334 844338 844441 846029 846032 846051 847079 847083 847084 847085 847087 847161 853048 853050 862002 881033 881034 881035 881036 881037 881040 881065 882032 882043 882064 882142 892104 892162 892213 892433 
511024 511025 512025 811103 811225 821001 821002 821012 821146 821200 821228 821375 822006 822007 822087 822136 824057 824061 824070 824074 824083 824096 825013 831016 831087 831104 831179 841200 842046 843075 844017 844021 844022 844038 844062 844070 844072 844097 844099 844240 844241 844304 844338 844441 845026 845027 846029 846051 846120 847083 847084 847161 850011 881033 881034 881035 881036 881037 881043 881050 881060 881065 882032 882043 882064 882090 882142 882148 882181 892104 892162 892202 892370 892433 
511024 511025 512025 512026 811225 821001 821002 821012 821228 821351 822006 822007 822087 822095 822145 822164 823018 824061 824070 824074 824083 824095 824096 825012 831016 831087 831104 831179 841346 842046 844021 844038 844048 844070 844072 844097 844174 844240 844304 844441 845025 845027 845033 846029 846032 846051 846120 847083 847085 847087 847161 851066 862094 881033 881034 881035 881036 881037 881040 881051 881058 881061 882032 882066 882143 882181 891011 891013 892104 892162 892370 892433 
511024 511025 811103 811225 821001 821002 821228 821351 822006 822007 822087 822095 822136 822145 822164 823018 824061 824070 824083 824095 824096 831016 831087 831104 831179 835009 841200 841346 842046 842072 843075 844017 844020 844021 844022 844048 844062 844072 844097 844099 844174 844240 844304 844334 844338 844350 844441 845025 845027 846032 846051 846120 847079 847085 847087 847088 847161 850013 850014 853050 862094 881033 881034 881035 881036 881037 881057 882064 882066 882090 882092 882181 891127 892162 892202 892370 892433 
511024 512025 811225 821001 821002 821012 821228 821375 822006 822007 822087 822095 822136 822145 822164 824061 824083 824095 824096 825013 831016 831087 831104 831179 835009 841346 842046 842072 843076 843286 844021 844038 844062 844070 844072 844097 844240 844304 844334 844350 844441 845025 845026 845027 846029 846032 846051 847079 847083 847084 847087 847161 850014 853050 862094 881033 881034 881035 881036 881037 881050 881060 881065 882032 882043 882064 882066 882142 891127 892104 892162 892202 892370 
511024 511025 811103 811225 821001 821012 821200 821228 821351 822006 822007 822087 822095 824057 824061 824070 824083 824095 824096 825012 825013 831016 831087 831104 841200 841346 842046 842072 844021 844038 844048 844070 844072 844097 844099 844174 844240 844441 845025 845027 845033 846029 846032 846051 847085 847087 847161 881033 881036 881037 881040 881043 881065 882032 882066 882092 882171 882185 891012 891127 892104 892162 892202 892370 892433 
511024 511025 811103 811225 821001 821012 821146 821228 821351 822006 822007 822087 822095 822136 822164 824057 824061 824070 824074 824083 824096 825012 831016 831087 831104 831179 841089 841200 842046 842072 843075 843286 844020 844038 844048 844070 844072 844097 844099 844240 844241 844304 844338 844350 844441 845025 845026 845027 845033 846029 846032 846051 847079 847084 847085 847087 847161 850014 853048 853050 853169 862002 881033 881034 881036 881037 881040 881043 881057 882002 882032 882066 882090 882143 891012 892104 892162 892202 892370 892433 
511024 511025 512025 811103 811225 821001 821002 821012 821228 821351 821375 822006 822007 822087 822095 822136 822164 824061 824074 824095 824096 825013 831016 831179 841200 841346 842046 843075 843076 843286 844017 844038 844048 844062 844070 844072 844097 844099 844174 844240 844304 844334 844350 844441 845025 845026 845027 845033 846032 846120 847079 847084 847085 847161 850014 850026 853050 862002 881033 881034 881035 881036 881037 881050 881057 881060 882002 882032 882064 882090 882092 882184 882185 891011 892104 892202 892370 892433 
511024 511025 512025 631044 811103 811225 821001 821002 821012 821146 821200 821228 822006 822007 822087 822095 822136 824057 824061 824070 824074 824083 824095 824096 825013 831016 831087 831104 831179 835009 841089 841200 841346 842046 842072 843286 844021 844038 844062 844070 844072 844097 844240 844304 844350 844441 845025 845026 845027 846051 846120 847079 847083 847084 847085 847087 847161 850026 853050 881033 881036 881037 881043 881050 881057 882032 882043 882066 882090 882171 882181 882185 891127 892104 892162 892202 892370 892433 
511024 511025 512025 512026 811225 821001 821002 821012 821206 821228 822006 822007 822044 822087 822095 822136 822164 824057 824061 824074 824083 824096 825013 831016 831087 831104 831179 841200 841346 842046 843075 843076 844017 844022 844062 844072 844099 844240 844241 844304 844338 844441 845025 845026 845033 846051 847079 847084 847085 847087 847161 853048 853050 853076 881033 881034 881035 881036 881037 882032 882064 882090 882092 882148 891011 891013 892104 892162 892202 892370 892433 
511024 511025 512025 811225 821001 821012 821146 821200 821228 822006 822007 822087 822136 824061 824070 824074 824083 824096 831016 831087 831104 831179 841200 841346 842046 842072 843076 843286 844017 844022 844048 844070 844240 844241 844304 844338 844441 845025 845026 846032 846051 847084 847085 847087 847161 853048 881033 881034 881035 881036 881037 881050 881057 881060 882032 882043 882064 882090 891011 892162 892433 
511024 511025 512025 512026 631045 811225 821001 821002 821012 821228 822006 822007 822044 822087 822136 824070 824074 824083 824095 825012 831016 831087 831104 831179 841089 841346 842046 842072 843286 844017 844020 844021 844070 844072 844097 844240 844241 844304 844441 845025 845027 845033 846029 846051 847079 847084 847161 853048 853050 881033 881035 881036 881037 881040 881060 881061 882032 882092 882142 891012 892104 892162 892202 892370 892433 
511024 511025 512025 512026 811103 811225 821001 821002 821012 821200 821228 821351 822006 822007 822087 822095 822136 822145 822164 824061 824070 824074 824083 824095 824096 831087 831104 831179 841200 841346 842046 842072 843076 844020 844021 844038 844048 844062 844070 844072 844097 844174 844240 844304 844441 845027 846029 846032 846051 846120 847087 847161 850014 862002 881033 881034 881035 881036 881037 881038 882032 882066 882090 882092 892104 892162 892202 892370 892433 
511024 511025 512025 512026 811103 811225 821001 821002 821012 821146 821206 821228 822006 822007 822087 822095 822136 822164 824057 824070 824074 824083 824095 824096 825013 831104 831179 835009 841200 841346 842046 843075 843286 844017 844022 844038 844062 844072 844097 844099 844144 844174 844240 844304 844350 844441 845026 845027 845033 846032 847079 847085 847088 847161 853049 853050 853169 881033 881034 881035 881036 881037 881057 881061 882002 882064 882090 892104 892162 892202 892370 892433 
511024 511025 512025 811103 811225 821001 821002 821012 821146 821228 821351 821375 822006 822007 822044 822087 822095 823018 824057 824061 824070 824074 824095 824096 831016 831087 831104 831179 841089 841200 841346 842046 842072 843076 844017 844021 844038 844048 844062 844070 844072 844097 844240 844304 844334 844338 844350 844441 845025 845026 845027 845033 846029 846032 846051 847084 847085 847087 847161 850014 850026 853050 862094 881033 881034 881035 881036 881037 881040 881050 881065 882032 882043 882064 882066 882090 882142 891010 892162 892202 892370 892433 
511024 511025 512025 631044 811103 811225 821001 821012 821146 821206 821206 821228 821351 822006 822007 822087 822095 822136 822145 822164 824061 824070 824074 824083 824096 825013 831016 831087 831104 831179 835009 841200 842046 843076 844017 844021 844038 844070 844072 844097 844099 844174 844240 844241 844304 844334 844441 845027 846029 846051 847084 847085 847087 850014 853048 853050 881033 881035 882090 882142 892104 892162 892202 892370 892433 
511024 511025 811103 811225 821001 821002 821146 821200 821228 822006 822007 822087 822136 822145 822164 824057 824061 824070 824074 824083 824096 825013 831016 831087 831104 831179 841200 841346 842046 842072 843076 843286 844017 844021 844022 844038 844048 844070 844072 844097 844099 844240 844304 845026 845027 845033 846032 846051 847079 847084 847085 847087 847161 850014 850026 853050 862002 881033 881043 881050 881057 881058 881061 881065 882032 882043 882064 882066 882090 882142 882143 882148 891010 892162 892202 892370 892433 
511024 511025 512025 811103 811225 821001 821002 821012 821228 821351 822006 822007 822087 822095 822136 822145 824057 824061 824070 824074 824083 824096 831016 831087 831104 831179 835009 841200 841346 842046 842072 843075 843076 844017 844022 844048 844070 844072 844097 844099 844240 844304 844334 844338 844441 845027 845033 846029 846032 846051 846120 847083 847084 847085 847087 847161 850013 850014 850026 853050 881033 881035 881036 881037 881043 881050 881065 882032 882043 882064 882066 882090 882092 892104 892162 892202 892370 892433 
511024 511025 811103 811225 821001 821002 821012 821200 821228 822006 822007 822044 822087 822136 822145 822164 824061 824070 824074 824095 824096 825013 831016 831104 831179 841089 841200 842046 842072 844017 844020 844021 844038 844048 844062 844070 844072 844097 844099 844240 844304 844338 844350 844441 845025 845027 845033 846029 846051 847083 847084 847085 847087 847161 850013 850014 850026 853048 853076 881033 881034 881036 881038 881040 881051 881057 881060 881065 882002 882032 882064 882066 882090 882142 891010 892104 892162 892202 892370 892433 
511024 511025 512025 811103 811225 821001 821002 821012 821146 821206 821228 821351 822006 822007 822044 822087 822095 822164 823018 824061 824070 824074 824083 824096 825012 825013 831016 831087 831104 831179 841089 841200 841346 842046 843075 843076 844020 844021 844048 844062 844070 844072 844097 844099 844240 844304 844334 844338 844441 845025 845027 845033 846029 846032 846120 847079 847083 847084 847085 847087 847161 850011 850013 851066 853050 862002 862094 881033 881034 881035 881036 881037 881050 881057 881060 882032 882064 882090 891127 892104 892162 892202 892370 892433 
511024 512025 811103 821001 821002 821012 821146 821206 821228 821375 822006 822007 822087 822095 822136 822164 824057 824061 824070 824074 824095 824096 831016 831087 831104 831179 835009 841200 841346 842046 842072 843075 843076 843286 844048 844062 844070 844072 844097 844099 844240 844304 844334 844338 844441 845025 845026 846029 846032 846051 846120 847084 847087 847161 850013 850014 850026 853048 853049 853050 853076 862002 881033 881034 881037 881057 882032 882064 882066 882090 882184 891011 891125 892104 892162 892202 892433 
511024 511025 512025 631045 811103 811225 821001 821002 821012 821206 821228 822006 822007 822044 822087 822095 822136 822164 823018 824061 824070 824074 824083 824096 825012 831016 831087 831179 835009 841089 841200 842046 842072 843076 843286 844020 844021 844038 844048 844062 844072 844097 844174 844240 844304 844338 844350 844441 845025 845026 845027 845033 846032 846051 847083 847084 847085 847087 847161 850014 850026 853050 853076 862002 862094 881033 881040 881050 881051 881061 881065 882064 882092 882171 891010 891125 892104 892162 892202 892370 892433 
511024 511025 512025 811103 811225 821001 821002 821146 821206 821228 821351 822006 822007 822087 822095 822136 822164 824057 824061 824070 824074 824095 824096 825012 831016 831104 831179 841200 841346 842046 843286 844017 844020 844021 844038 844048 844062 844070 844072 844097 844099 844174 844240 844334 844338 844350 844441 845025 845026 845027 845033 846032 846051 847083 847084 847085 847087 847161 850026 853050 853076 862002 881033 881036 881037 881057 882002 882032 882064 882066 882090 882148 892104 892162 892202 892370 892433 
511024 511025 512025 811103 811225 821001 821002 821012 821200 821228 821351 822006 822007 822044 822087 822136 822164 824057 824061 824070 824074 824095 824096 825012 825013 831016 831087 831104 831179 835009 841200 842046 843076 843286 844021 844038 844070 844072 844097 844099 844240 844241 844304 844338 844350 844441 845026 845027 846032 846051 847083 847084 847085 847087 847161 850011 850026 853048 853050 862002 862094 881033 881034 881035 881036 881037 881040 881065 882064 882090 882143 882185 892104 892162 892202 892370 892433 
511024 511025 512025 811103 811225 821001 821002 821012 821146 821200 821206 821228 821351 821375 822006 822007 822087 822136 822164 824057 824061 824070 824074 824083 824095 824096 831016 831104 831179 835009 841200 841346 842046 843076 844017 844020 844021 844022 844038 844048 844072 844099 844240 844241 844304 844334 844338 844350 844441 845025 845026 845027 845033 846032 846051 847083 847085 847087 847088 847161 850013 850014 853048 853049 853050 853076 862002 862094 881033 881034 881035 881036 881037 881038 881043 881057 882032 882090 882184 891011 891012 891013 892104 892162 892202 892370 892433 
511024 511025 811225 821001 821002 821012 821146 821206 821228 821351 822006 822007 822087 822136 824061 824070 824074 824083 824095 825013 831016 831104 831179 841346 842046 842072 843075 843076 844020 844070 844072 844097 844099 844240 844241 844304 844334 844338 844441 845025 845027 846029 846051 847083 847085 847087 847161 850011 850013 850014 850026 851066 853050 881033 881035 881036 881037 881058 881060 882032 882064 882090 882142 882143 882184 882185 892104 892162 892202 892370 892433 
511024 631045 811103 811225 821001 821002 821012 821146 821228 821351 822006 822007 822044 822087 822136 822164 824057 824061 824070 824074 824083 824095 824096 825013 831087 831104 831179 841089 841200 842046 843075 844021 844038 844072 844097 844099 844174 844240 844338 844441 845025 845026 845027 845033 846051 847085 847087 847088 847161 850011 850013 850014 853048 853050 853076 862094 881033 881034 881035 881036 881037 881057 881061 882002 882043 882090 891011 891125 891127 892104 892162 892202 892370 892433 
511024 511025 512026 811103 811225 821001 821002 821012 821228 821351 822006 822007 822044 822087 822136 822164 824057 824070 824074 824095 824096 831016 831087 831104 831179 835009 841200 841346 842046 843075 843076 844017 844022 844038 844048 844062 844070 844072 844097 844240 844304 844441 845025 845027 846032 846051 847083 847084 847085 847087 847161 850011 850014 853048 853050 862002 862094 881033 881034 881035 881036 881037 881050 882032 882064 882090 882143 882171 892162 892433 
511024 811103 811225 821001 821002 821146 821200 821228 822006 822007 822087 822095 822145 822164 824057 824061 824070 824074 824083 824095 824096 825013 831016 831039 831087 831104 831179 841200 841346 842046 842072 844020 844038 844048 844072 844097 844099 844240 844304 844338 844441 845025 845026 845027 845033 846029 846032 846120 847085 847087 847088 847161 850026 853048 853049 853050 853169 862002 862094 881033 881035 881036 881037 881051 882032 882043 882064 882090 882143 891127 892104 892162 892370 892433 
511024 511025 512025 512026 811103 811225 821002 821012 821228 821351 821375 822006 822007 822087 822095 822136 822164 824057 824061 824070 824083 824096 831016 831087 831104 831179 835009 841200 841346 842046 843075 843076 844017 844070 844072 844097 844240 844241 844241 844304 844334 844338 844350 844441 845025 845026 845033 846032 846051 847084 847085 847087 847088 847161 850011 850014 853050 853169 862094 881033 881034 881035 881036 881037 881043 881057 881060 881062 882032 882064 882090 891125 892104 892162 892202 892370 892433 
511024 511025 512025 512026 811225 821001 821002 821012 821200 821228 821375 822006 822007 822044 822087 822164 824070 824074 824095 824096 831016 831179 841200 841346 842046 842072 843075 843286 844021 844038 844072 844097 844240 844241 844304 844338 844350 844441 845025 845026 845027 845033 846029 846032 847085 847087 847161 850026 853048 853049 853050 862094 881033 881035 881036 881037 882032 882066 882090 882148 882185 892104 892162 892433 
511024 512025 811103 811225 821001 821002 821012 821228 822006 822007 822087 822095 822136 822164 824061 824074 824083 824095 824096 825012 825013 831016 831087 831104 831179 835009 841200 841346 842046 843076 844038 844062 844070 844097 844099 844174 844240 844334 844350 844441 845025 845027 846029 846032 846051 846120 847085 847087 847161 850026 853050 862002 881033 881036 881050 881057 882032 882043 882064 882090 882148 891125 892104 892162 892202 892370 892433 
511024 512025 631044 811225 821001 821012 821146 821206 821228 822006 822007 822087 822164 824057 824061 824070 824074 824083 824095 824096 825013 831016 831087 831104 831179 841200 842046 842072 843076 843286 844038 844070 844072 844097 844174 844240 844241 844304 844350 844441 845025 845026 845027 845033 846032 847085 847087 847161 850011 850014 850026 853048 853049 853050 853076 862002 881033 881034 881035 881036 881037 881058 881061 882032 882043 882090 882148 882184 891011 891013 891125 892104 892162 892370 892433 
511024 511025 512026 821001 821002 821206 821228 821351 822006 822007 822087 822145 822164 824057 824061 824070 824074 824083 824095 824096 831016 831087 831104 831179 841200 842046 842072 843075 843076 843286 844048 844062 844072 844097 844099 844240 844304 844441 845025 845027 845033 846032 846051 847085 847087 847161 850011 850014 853048 853050 853076 862094 881033 881034 881037 881050 881057 882043 882090 882092 882142 882143 882148 891127 892104 892162 892202 892433 
511024 811103 811225 821001 821002 821012 821228 821351 821375 822006 822007 822087 824061 824070 824074 824083 824095 824096 831016 831179 841089 841346 842046 844020 844070 844097 844240 844304 845025 845027 845033 846051 847085 847087 847161 853048 853049 853050 862002 862094 881033 881050 881065 882064 891125 892104 892202 892433 
511024 512025 811225 821001 821002 821012 821228 821351 822006 822007 822087 822136 824057 824061 824074 824095 824096 825012 831016 831104 831179 835009 841346 842046 843075 843076 844017 844022 844038 844048 844062 844072 844097 844174 844240 844241 844304 844350 844441 845025 845026 845027 846029 846032 846051 847087 847088 847161 850011 850013 853048 853050 862094 881033 881040 882002 882032 882043 882064 882066 882090 882092 891127 892370 892433 
511024 512025 631044 631045 811103 811225 821001 821002 821012 821200 821228 821351 821375 822006 822007 822044 822087 822136 822145 822164 824057 824070 824074 824083 824095 824096 825012 825013 831016 831087 831104 841346 842046 843075 844048 844062 844070 844072 844097 844099 844240 844241 844304 844441 845025 845033 846029 846032 846051 847085 847087 847161 850011 850013 853049 862094 881033 881034 881035 881036 881037 881050 881060 882002 882032 882043 882064 882066 882090 882092 882142 882143 882171 891127 892104 892162 892370 892433 
511024 511025 811069 811207 811225 821001 821002 821012 821228 822006 822007 822087 822136 822164 824057 824061 824070 824074 824083 824095 824096 824144 824159 825012 825013 831016 831100 831104 831179 841029 841200 841366 842046 842085 842165 843076 843107 843287 844017 844020 844021 844070 844072 844099 844240 844304 844321 844441 845015 845025 845027 846029 846032 846051 847085 847089 847145 847161 853050 881033 881034 881035 881036 881037 881057 882032 882043 882090 882092 882142 891127 892162 892202 892370 892433 892598 
511024 511025 512025 631044 631045 811069 811207 811225 821001 821002 821012 821206 821228 821351 822006 822007 822087 822170 822193 824057 824061 824070 824074 824083 824096 824183 825013 831016 831050 831087 831104 831179 833037 833072 841029 841200 841346 841366 842046 842085 842162 842165 843076 843287 844021 844038 844070 844072 844240 844304 844350 844521 845015 845026 845027 845033 846029 846032 846051 847089 847145 847161 850013 850014 850026 853050 881033 881034 881035 881037 881038 881040 881050 881057 881058 881060 881061 882032 882043 882090 882092 891010 891013 891127 892104 892162 892202 892370 892433 892598 
511024 511025 512025 811069 811207 811225 821001 821002 821012 821146 821228 822006 822007 822087 822136 822164 822189 824057 824061 824070 824074 824083 824095 824096 824159 824183 825013 831016 831087 831100 831104 831179 833072 841346 842046 842085 842162 842165 843075 843287 844070 844099 844174 844240 844241 844241 844304 844321 844334 844338 844441 844521 845025 846029 846032 847089 847145 847161 850014 853050 853076 862002 881033 881034 881035 881036 881037 881050 881057 881058 881060 881065 882032 882043 882064 882090 882092 882142 891011 891013 891127 892104 892162 892202 892370 892433 892598 
511024 511025 811207 811225 821001 821002 821012 821146 821228 822006 822007 822087 822136 824057 824070 824074 824083 824095 824096 824144 824159 824183 825013 831016 831050 831087 831100 831104 831179 833037 841029 841200 842046 842162 842165 843075 844017 844062 844072 844240 844304 844350 844441 844521 845025 845027 845033 846032 847085 847089 847145 847161 850013 853050 881033 881060 882043 882090 882142 882143 891127 892104 892162 892202 892370 892433 892598 
511024 511025 512025 631044 811069 811207 811225 821001 821002 821012 821228 822006 822007 822087 822136 822164 822193 824057 824061 824070 824074 824095 824096 824144 825013 831016 831050 831087 831104 831179 833037 841089 841200 841366 842046 842085 842162 842165 844020 844021 844062 844072 844099 844174 844240 844241 844241 844304 844321 844441 844521 845015 845025 845027 846032 847085 847089 847145 847161 850014 850026 853048 853050 853076 881033 881035 881036 881037 881050 881057 881061 881065 882064 882090 891011 891012 891013 892104 892162 892370 892433 892598 
511024 511025 811069 811225 821001 821002 821012 821146 821228 821351 822006 822007 822087 822164 824057 824061 824070 824074 824096 824159 831016 831050 831087 831104 831179 833037 835009 841029 841200 841346 841366 842046 842085 842162 842165 843075 843076 843287 844038 844070 844072 844240 844241 844334 844441 845025 845027 846029 846051 847085 847089 847145 847161 850013 850014 850026 853050 881033 881035 881036 881037 881050 881057 881061 881065 882032 882043 882064 882066 882090 882143 892104 892162 892370 892433 
511024 511025 512025 631045 811069 811225 821001 821002 821012 821228 821351 822006 822007 822087 822136 822145 822164 824061 824070 824074 824083 824095 824096 824144 824159 824183 825012 831016 831050 831087 831104 831179 833037 833072 835009 841029 841200 841346 841366 842046 842085 842165 843076 844017 844020 844021 844038 844062 844070 844072 844099 844174 844240 844241 844304 844321 844334 844338 844350 844441 844521 845015 845025 845026 845027 846029 846032 846051 847085 847089 847145 847161 850026 853049 853050 881033 881034 881035 881036 881037 881038 881040 881050 881057 881062 882032 882064 882066 882090 882092 882142 891127 892104 892162 892202 892370 892433 892598 
133003 511024 511025 512025 512026 631044 811207 811225 821001 821002 821012 821228 821351 822006 822007 822087 822136 822164 822193 824057 824061 824070 824074 824083 824095 824096 824183 825012 825013 831016 831050 831087 831104 831179 833037 835009 841029 841089 841200 841346 841366 842046 842085 842162 842165 843076 844017 844020 844021 844038 844062 844070 844072 844099 844174 844240 844304 844334 844350 844441 845015 845025 845026 845027 845033 846029 846032 846051 847085 847089 847145 847161 850014 850026 853048 881033 881034 881035 881037 881040 882032 882043 882064 882066 882090 882092 882142 891128 892104 892162 892202 892370 892433 892598 
511024 512025 512026 631044 811069 811207 811225 821001 821002 821012 821228 821351 822006 822007 822087 822136 822164 824057 824074 824083 824095 824096 824144 824159 824183 825012 825013 831016 831050 831087 831104 831179 833037 833072 841200 841346 842046 842085 842162 842165 844017 844020 844021 844038 844062 844070 844072 844174 844240 844241 844304 844321 844350 845025 845026 845027 845033 846032 846051 847085 847089 847145 847161 850013 850014 850026 881033 881034 881035 881036 881037 881040 881050 882043 882090 882092 882143 892104 892162 892202 892370 892433 892598 
511024 511025 512025 811069 811207 811225 821001 821002 821012 821228 821351 822006 822007 822087 822136 822164 822170 822189 824070 824074 824083 824095 824096 824144 824159 825013 831016 831050 831087 831104 831179 833037 833072 841029 841200 841346 841366 842046 842085 842162 843075 843076 843287 844070 844072 844174 844240 844304 844321 844441 845025 845033 846029 846032 846051 847085 847089 847145 847161 850013 850014 881033 881034 881035 881036 881037 881040 881050 881061 882032 882090 882092 882142 891128 892162 892202 892370 892433 892598 
511024 511025 512025 811225 821001 821002 821012 821146 821228 822006 822007 822087 822136 822164 822170 822189 824057 824061 824070 824074 824083 824095 825013 831016 831050 831087 831104 831179 833037 833072 841200 841346 841366 842046 842085 842165 843075 843076 844062 844072 844099 844240 844241 844321 844338 844521 845025 845033 846032 846051 847085 847089 847145 847161 850014 850026 853050 853076 881033 881037 881038 882032 882066 882090 882092 882142 891011 891013 892104 892162 892202 892370 892433 892598 
511024 511025 512025 811069 811207 811225 821001 821002 821012 821146 821228 821351 822006 822007 822087 822170 822189 824057 824061 824070 824074 824083 824095 824096 824159 825012 825013 831016 831050 831104 831179 833037 833072 835009 841029 841089 841200 841346 841366 842046 842085 842162 842165 844017 844020 844021 844022 844062 844070 844072 844174 844240 844241 844321 844350 844441 844521 845025 845026 845027 845033 846029 846032 846051 847085 847089 847145 847161 850013 850014 853050 881033 881036 881037 881040 881043 881057 881058 881061 882032 882043 882066 882090 882092 891011 891012 891013 892104 892162 892202 892370 892433 892598 
511024 511025 512025 631044 811069 811207 811225 821001 821002 821012 821228 821351 822006 822007 822087 822164 822189 822193 824057 824061 824070 824074 824083 824095 824096 824144 824159 825012 825013 831016 831050 831087 831100 831104 831179 841029 841089 841200 841346 842046 842085 842165 843075 843287 844017 844020 844038 844062 844070 844099 844174 844240 844304 844321 844338 845015 845025 845026 845033 846032 846051 847085 847089 847145 847161 850013 850014 850026 862002 881033 881034 881035 881036 881037 881043 881050 881057 881058 881065 882032 882043 882064 882066 882090 882092 882143 882171 891011 891013 891125 891127 892104 892162 892370 892433 892598 
133003 511024 511025 811069 811207 821001 821146 821228 821351 822006 822007 822087 822164 822189 824057 824074 824083 824095 824096 824159 831016 831100 831104 831179 841029 841346 841366 842046 843075 844017 844021 844062 844070 844072 844174 844240 844241 844304 844334 844441 845015 845027 845033 846032 846051 847085 847089 847145 847161 850013 853049 881033 881034 881036 881040 881043 882032 882043 882064 882090 882092 882142 891012 892104 892370 892433 892598 
511024 511025 512025 631045 811207 811225 821001 821002 821012 821228 822006 822007 822087 822136 822164 822170 822189 822193 824057 824074 824083 824095 824096 824159 825012 831016 831050 831179 833037 833072 841200 841346 841366 842046 844021 844038 844062 844070 844072 844240 844338 844441 845015 845026 845027 845033 846032 846051 847085 847089 847145 847161 850026 853050 853076 862002 881033 881036 881037 881062 882043 882090 882142 891011 891127 892162 892370 
133003 511024 511025 631044 631045 811069 821002 821012 821228 822006 822007 822087 822136 822164 822170 822189 822193 824057 824070 824074 824083 824095 824096 824159 831016 831050 831087 831100 831179 833072 835009 841029 841200 841346 842046 842165 843075 843076 844017 844038 844062 844070 844072 844099 844174 844240 844304 845015 845025 845027 846032 846051 847085 847089 847145 847161 850014 850026 881035 881062 882032 882043 882090 882092 882143 882171 892104 892162 892370 892433 
511024 511025 811069 811225 821001 821002 821012 821228 821351 822006 822007 822087 822136 822164 822170 822193 824057 824061 824070 824074 824083 824095 824096 824144 824159 824183 825013 831016 831039 831040 831050 831087 831100 831104 831179 833072 835009 841029 841089 841200 841366 842046 842085 842165 843107 843287 844017 844022 844070 844072 844099 844240 844304 844321 844334 844338 844441 845025 845026 845027 846029 846051 847085 847089 847161 850013 850026 881033 881035 881037 881040 881057 882032 882066 882090 882142 882143 891127 892162 892433 892598 
511025 811069 811207 811225 821001 821002 821012 821228 821351 822006 822007 822087 822136 822164 824057 824070 824074 824095 824096 824159 824183 825012 825013 831016 831050 831100 831104 831179 833037 841089 841200 841346 842046 842162 843107 843287 844017 844020 844021 844062 844070 844099 844174 844240 844304 844338 844350 845015 845026 845027 845033 846029 846032 846051 847085 847089 847145 847161 850013 850014 862002 881033 881034 881037 881040 881050 881057 882064 882090 882092 892104 892162 892202 892370 892433 892598 
511024 511025 512025 811225 811225 821001 821002 821012 821228 821351 822006 822007 822087 822136 822164 822170 824057 824070 824074 824083 824095 824096 824159 825012 825013 831016 831039 831040 831050 831087 831100 831104 831179 833037 835009 841089 841200 841346 842046 842162 843075 843076 843107 844017 844021 844022 844038 844070 844099 844240 844241 844321 844334 844350 844441 844521 845025 845026 845027 845033 846029 846051 847085 847089 847145 847161 850013 850026 853050 853076 862002 881033 881036 881037 881050 881051 881057 881062 882032 882043 882171 891013 892104 892162 892370 892433 892598 
133003 511024 511025 512025 631044 811069 811207 811225 821001 821002 821012 821228 821351 822006 822007 822087 822136 822145 822164 822170 822189 822193 824057 824070 824074 824083 824095 824096 824144 824159 825012 825013 831016 831050 831087 831100 831104 831179 833037 833072 835009 841029 841200 841366 842046 842085 842165 843075 843076 843107 843287 844017 844020 844021 844022 844038 844070 844072 844174 844240 844241 844304 844334 844338 844350 844441 844521 845015 845025 845026 845027 845033 846029 846051 847085 847089 847145 847161 850013 850023 850026 853048 853049 853050 853076 881033 881034 881035 881036 881037 881038 881040 881050 881051 881057 881065 882032 882043 882064 882090 882092 882171 891011 891013 891125 892104 892162 892202 892433 892598 
133003 511024 511025 512025 811069 811207 811225 821001 821002 821012 821228 822006 822007 822087 822136 822145 822164 822170 822189 824070 824074 824083 824095 824096 824144 824159 824183 825012 831016 831050 831104 831179 833037 833072 835009 841029 841200 841346 842046 842085 842162 842165 843075 843107 844017 844021 844062 844070 844072 844099 844174 844240 844304 844321 844334 844338 844350 844441 845015 845025 845026 845033 846029 846032 846051 847085 847089 847145 847161 850014 850023 850026 853050 881033 881034 881037 881050 881057 882032 882043 882066 882090 882142 882143 892104 892162 892202 892370 892433 
511024 511025 631045 811069 811207 811225 821001 821002 821012 821146 821228 821351 822006 822007 822087 822136 822164 822170 822193 824070 824074 824083 824095 824096 824159 825012 831016 831039 831050 831087 831104 833037 833072 835009 841029 841089 841346 842046 842162 842165 843107 843287 844017 844020 844021 844022 844070 844072 844099 844240 844241 844304 844321 844334 844350 844441 844521 845025 845026 845027 845033 846032 846051 847085 847089 847145 847161 850026 853048 853050 881033 881036 881037 881058 882043 882064 882090 882092 882142 891127 892104 892162 892370 892433 892598 
511024 512025 811069 811207 811225 821001 821002 821146 821228 821351 822006 822007 822087 822136 822164 822170 824070 824074 824083 824095 824096 824144 824159 825012 831016 831050 831100 831104 831179 833037 833072 835009 841089 841366 842046 842085 842162 842165 843075 843076 843107 844017 844020 844021 844022 844038 844070 844072 844099 844240 844321 844350 844441 844521 845015 845025 845026 845027 846032 846051 847085 847089 847145 847161 850013 850014 853050 881033 881034 881035 881036 881043 881050 881051 881065 882032 882043 882064 882090 882092 882142 892104 892162 892202 892433 892598 
511024 511025 811207 811225 821002 821012 821228 821351 822006 822007 822087 822136 822145 822164 822170 824057 824070 824074 824083 824096 824144 824159 824183 831016 831050 831104 831179 833037 835009 841200 841346 842046 843076 844017 844021 844022 844070 844072 844099 844174 844240 844241 844304 844334 844441 844521 845025 845026 845033 846051 847089 847145 847161 850013 850026 853048 853049 853050 853076 881033 881034 881036 881037 881050 881058 882032 882043 882090 891011 891013 891125 892104 892162 892202 892370 
511024 511025 811225 821001 821002 821012 821228 821351 822006 822007 822087 822164 822170 824070 824074 824083 824095 824096 824159 825012 825013 831016 831050 831087 831179 833037 833072 835009 841029 841346 841366 842046 842162 843075 843076 843107 843287 844017 844020 844021 844022 844070 844072 844174 844240 844334 844441 844521 845025 845026 845033 846029 846051 847085 847089 847145 847161 850014 850026 853050 881033 881037 881038 881043 882032 882064 882090 891011 892162 892370 892433 892598 
511024 811207 811225 821001 821002 821012 821228 821351 822006 822007 822087 822136 822164 822170 824061 824070 824074 824083 824095 824096 824159 831016 831050 831087 831104 831179 833037 833072 835009 841029 841200 841366 842046 842085 842162 843075 843107 844017 844020 844021 844022 844038 844062 844070 844072 844099 844174 844240 844241 844304 844321 844334 844338 844441 844521 845025 845026 845027 845033 846032 846051 847085 847089 847145 847161 850013 850014 853050 881033 881035 881037 881040 881043 881050 881057 882032 882043 882064 882066 882090 882092 891013 891128 892104 892162 892202 892370 892433 
511024 511025 512025 811069 811207 811225 821001 821002 821012 821146 821228 822006 822007 822087 822136 822164 822170 824057 824061 824070 824074 824083 824096 824144 824159 824183 825013 831016 831039 831040 831050 831087 831104 831179 833037 835009 841200 841346 842046 843075 843076 843107 844062 844070 844072 844099 844240 844241 844304 844321 844334 844350 844441 844521 845025 845026 845033 846029 846032 846051 847085 847089 847161 850013 850014 853050 862002 881033 881036 881037 881038 881040 881050 881058 881062 882032 882043 882064 882090 882092 892104 892162 892202 892370 892433 892598 
511024 511025 512025 811069 811225 821001 821002 821012 821228 821351 822006 822007 822087 822136 822164 822189 824057 824070 824074 824083 824095 824096 824144 824159 824183 831016 831050 831100 831104 833037 841029 841089 841200 841366 842046 842085 843287 844017 844020 844021 844072 844099 844240 844304 844321 844334 844338 844350 844441 844521 845015 845025 845026 845027 845033 846029 846032 846051 847085 847089 847145 847161 850013 853048 853049 853050 853076 881034 881035 881037 881062 881065 882032 882043 882064 882090 882092 882142 882171 892162 892370 892433 892598 
511024 511025 631044 811069 811207 811225 821001 821002 821012 821146 821228 822006 822007 822087 822136 822164 824070 824074 824083 824095 824096 824159 831016 831050 831100 831104 831179 833037 841029 841346 841366 842046 842085 843075 843076 843107 844240 844338 844350 845025 845033 846029 846051 847085 847089 847145 847161 850013 850014 850026 853050 881033 881034 881036 881037 881050 882032 882090 882142 892104 892162 892202 892370 892433 892598 
511024 511025 514005 523001 532106 532223 811069 811225 821001 821002 821012 821206 821228 822006 822007 822136 822164 822170 824070 824074 824083 824144 824159 831050 831179 833037 833072 841029 842046 842162 843107 843287 844070 844072 844240 844321 845025 845033 846032 847085 847089 847145 850014 881033 881034 881036 881037 881038 882032 882064 882090 892162 892202 
511024 511025 512025 532106 811069 811225 821002 821146 821228 821351 822006 822007 822087 822136 822164 822170 822189 824057 824061 824070 824074 824083 824095 824159 825013 831016 831050 831100 831104 831179 833037 833072 835009 841029 841200 841366 842046 842085 842162 843075 844017 844022 844070 844072 844240 844304 844321 844334 844338 844441 845015 845025 845027 845033 846029 846032 846051 847085 847089 847145 847161 850014 850026 853048 853050 881033 881034 881035 881036 881037 881050 882032 882043 882090 882092 882142 891128 892104 892162 892202 892370 892433 892598 
511024 514005 522028 523001 532106 532406 821012 821146 821228 822006 822007 822087 822136 822164 824070 824074 824159 824183 831050 831087 831104 831179 833037 841346 842046 842165 844070 844072 844174 844240 844304 844441 845033 846051 847089 847161 881033 881035 881037 881060 882032 882090 892162 892433 
511024 511025 512025 532162 811069 811225 821001 821002 821012 821146 821228 821351 822006 822007 822087 822136 822164 824057 824061 824070 824074 824083 824095 824096 824159 831016 831050 831179 833072 841029 841200 842046 843107 844038 844072 844174 844240 844241 844304 844334 844441 845027 845033 846032 847085 847089 847145 847161 881033 881036 881037 881065 882032 882043 882090 892104 892162 892370 892433 892598 
511024 511025 521017 811069 811207 811225 821002 821012 821146 821228 821351 822006 822007 822087 822136 822145 822164 822170 822189 824057 824070 824074 824083 824095 824096 824144 824159 825012 831016 831050 831179 833037 833072 841029 841200 841346 842046 842085 842162 843076 843107 844017 844020 844021 844022 844038 844062 844070 844072 844240 844241 844241 844304 844321 844338 844350 844441 844521 845025 845026 845027 846029 846032 847085 847145 847161 850026 853048 862002 881033 881035 881036 881057 881062 881065 882032 882043 882066 882090 882092 882142 892104 892162 892433 
511024 511025 512025 523001 532106 811069 811225 821001 821002 821012 821228 821351 822006 822007 822087 822164 824070 824074 824095 824096 824159 831016 831050 831179 833072 841029 842046 843076 843107 843287 844072 844240 844241 844304 844334 844441 845025 847085 847089 847145 847161 850014 853050 881033 881036 881037 882090 892104 892162 892370 892598 
511024 511025 512025 811069 811225 821001 821002 821012 821228 822006 822007 822087 822136 822164 824070 824074 824083 824095 824096 824144 824159 825013 831016 831050 831179 833037 835009 841029 842046 842085 842162 842165 843075 843107 844017 844020 844021 844038 844062 844070 844072 844099 844240 844241 844304 844321 844334 844338 844350 844441 845025 845026 845027 845033 846029 846032 847085 847145 847161 850013 850026 853048 862002 881033 881034 881035 881036 881037 881057 881060 882032 882043 882064 882090 891010 891013 892104 892202 892370 892433 
511024 511025 512026 811069 811207 811225 821001 821002 821012 821146 821228 822006 822007 822087 822136 822164 822170 822193 824057 824061 824070 824074 824083 824095 824159 824183 825012 825013 831016 831050 831087 831100 831179 833037 833072 841029 841346 841366 842046 842085 843107 843287 844017 844020 844021 844022 844038 844062 844070 844072 844240 844241 844304 844334 844441 845025 845026 845027 846029 846032 846051 847085 847089 847145 847161 850026 853050 881033 881037 881040 881057 881065 882032 882043 882064 882066 882090 882092 892104 892162 892202 892370 892433 892598 
511024 511025 523024 532106 532133 532406 811069 811225 821001 821002 821012 821146 821206 821228 821351 822006 822007 822136 822164 822170 824061 824070 824074 824083 824159 831016 831050 831179 833037 833072 835009 841200 841346 842046 842085 843107 844072 844240 844241 844304 844441 845027 845033 846032 847145 847161 850026 881033 881036 881037 882032 882064 882090 892104 892162 892370 892433 
511024 511025 521017 523001 811069 811207 811225 821001 821002 821012 821228 821351 822006 822007 822087 822136 822145 822164 822170 822189 824061 824070 824074 824083 824095 824096 824144 824159 825012 825013 831016 831050 831087 831100 831104 831179 833037 833072 835009 842046 842085 842162 843076 843107 844022 844070 844072 844099 844240 844241 844304 844334 844338 844441 845015 845025 845026 846029 846051 847085 847089 847145 847161 850014 853050 881033 881035 881037 881040 881050 881057 881060 882043 882090 882092 891125 892104 892162 892202 892370 892433 892598 
511024 511025 512025 522015 522028 532106 631044 811069 811225 817081 821002 821012 821146 821228 821351 822006 822007 822087 822136 822164 822170 822189 824057 824061 824070 824074 824083 824095 824144 824159 825012 831016 831050 831087 831104 831179 833037 833072 835009 841029 841200 841366 842046 842085 842162 843075 843076 843107 843287 844021 844038 844062 844072 844099 844174 844240 844241 844304 844321 844334 844338 844441 845027 845033 846029 846032 846051 847085 847089 847145 847161 850013 850014 850026 853048 853050 862002 881033 881035 881036 881037 881038 881057 881058 881062 881065 882032 882043 882064 882066 882090 882092 892104 892162 892370 892433 
511024 511025 512025 532106 532133 532162 532223 631044 811069 811225 817081 821001 821002 821012 821146 821228 821351 822006 822007 822087 822136 822145 822164 822170 822189 824057 824061 824070 824074 824083 824095 824096 824144 824159 825012 831016 831050 831087 831104 831179 833037 833072 841029 841200 841346 842046 842085 842162 842165 843075 843076 843107 843287 844017 844022 844062 844070 844072 844240 844241 844304 844321 844338 844441 844521 845026 845033 846032 846051 847085 847089 847145 847161 850013 850014 850026 853048 881001 881033 881034 881035 881036 881037 881040 881050 881057 882043 882090 882143 892104 892162 892202 892370 892433 892598 
511024 511025 521024 532106 631044 817081 821001 821002 821012 821228 821351 822006 822007 822087 822136 822145 822164 822170 822189 824057 824070 824074 824095 824096 824159 831087 831100 831104 831179 833072 841029 841346 842046 842085 842165 843075 843287 844017 844022 844070 844072 844240 844241 844241 844304 844321 844338 845015 845025 845027 846029 846032 846051 847085 847089 847145 847161 850013 850014 850026 881033 881034 881035 881036 881037 881038 881057 881060 882043 882064 882090 882092 882171 892104 892162 892202 892370 892433 892598 
511024 512025 532106 532133 811069 811225 821001 821002 821012 821228 822006 822007 822087 822136 822164 822170 824061 824074 824083 824095 824159 825013 831016 831050 831087 833072 841200 842046 844020 844021 844070 844240 844241 844304 844321 845027 845033 846032 846051 847085 847089 847145 847161 850014 881033 881034 881035 881036 881037 881065 882043 882090 892104 892162 892370 892598 
511024 532133 811069 811207 811225 821001 821002 821012 821228 821351 822006 822007 822087 822136 822145 822164 822170 824057 824070 824074 824083 824095 824096 824144 824159 831016 831050 831087 831104 831179 833037 835009 841029 841200 841346 841366 842046 842085 842162 843076 843107 844020 844021 844038 844062 844070 844072 844240 844241 844304 844334 844338 844441 845015 845025 845026 845027 845033 846029 846032 846051 847085 847145 847161 850014 850026 853050 881033 881034 881035 881036 881037 881038 881040 881057 881060 882043 882090 882092 882142 892104 892162 892202 892433 892598 
511024 511025 512025 532106 532223 631045 811069 821001 821002 821012 821228 821351 822006 822007 822087 822136 822164 824057 824070 824074 824083 824095 824144 824159 825013 831016 831050 831087 831104 833072 841200 842046 842085 842162 842165 843075 843076 843107 843287 844038 844062 844072 844099 844174 844240 844241 844304 844350 844441 845027 846029 846032 846051 847085 847089 847145 847161 850013 850014 853050 881033 881034 881035 881036 881037 881050 881057 882032 882043 882090 882092 892104 892162 892370 892433 
511024 511025 512025 521017 532106 532133 532133 811069 811207 811225 821001 821002 821012 821228 821351 822006 822007 822087 822170 824070 824074 824083 824095 824096 824159 825013 831016 831050 831087 831179 833037 833072 841200 841346 842046 843107 844070 844072 844240 844241 844304 844321 844441 844521 845027 846029 846032 846051 847085 847145 847161 850026 853050 881033 881035 881036 881037 882032 882090 892104 892162 892370 892433 
511024 511025 532133 811069 811225 821001 821002 821012 821146 821228 821351 822006 822007 822087 822136 822164 822170 824070 824074 824083 824095 824096 824159 831016 831050 831087 831100 831104 831179 833037 833072 841029 841089 841200 841346 841366 842046 842162 842165 843076 843107 844017 844022 844038 844070 844072 844240 844241 844304 844350 845025 845026 845027 846032 846051 847085 847145 847161 850013 850014 850026 853049 853050 881033 881034 881036 881037 881050 881057 881061 881065 882032 882043 882064 882090 882092 892162 892433 
511024 511025 512025 521017 532133 631045 811207 811225 821001 821002 821012 821146 821228 821351 822006 822007 822087 822136 822145 822164 822170 824057 824061 824070 824083 824095 824096 824144 824159 825012 825013 831016 831050 831087 831104 831179 833037 833072 835009 841029 841346 841366 842046 842085 842165 843075 843076 843107 843287 844017 844021 844022 844070 844072 844099 844174 844240 844241 844241 844304 844321 844441 845025 845026 845027 845033 846029 846032 846051 847085 847089 847145 847161 850013 850014 850026 853050 881033 881034 881036 881037 881040 881050 881057 881058 881060 881065 882032 882043 882064 882090 882092 882142 882143 891125 892104 892162 892202 892370 892433 892598 
511024 511025 512026 522028 532223 811069 811225 821001 821002 821012 821146 821228 821351 822006 822007 822087 822164 822170 824057 824061 824070 824074 824083 824095 824096 824144 824159 831016 831039 831087 831100 831104 831179 833037 833072 841029 841346 842046 843075 843076 843107 843287 844017 844021 844022 844038 844062 844070 844174 844240 844241 844241 844304 844321 844334 844350 844441 844521 845025 845026 845027 845033 846029 846032 846051 847085 847089 847145 847161 850014 850026 853050 853076 881033 881034 881035 881037 881038 881040 881057 881058 882043 882064 882066 882090 882092 891127 891128 892104 892162 892202 892370 892433 892598 
511024 511025 811069 811207 811225 817081 821001 821002 821012 821146 821228 822006 822007 822087 822136 822164 822170 822189 824057 824070 824074 824083 824095 824096 824144 824159 831016 831050 831087 831104 831179 833037 833072 841029 841200 841346 841366 842046 842165 844021 844038 844062 844070 844072 844099 844240 844241 844241 844304 844321 844338 845025 845026 845027 845033 846032 846051 847089 847145 847161 850013 850026 853048 853050 881033 881034 881036 881037 881057 882032 882064 882090 882092 892104 892162 892202 892370 892433 892598 
511024 511025 532106 532223 631045 811207 811225 821001 821002 821012 821228 822006 822007 822087 822136 822164 822170 824057 824070 824074 824083 824095 824096 824159 831050 831100 831104 831179 833037 833072 835009 841029 841346 842046 842085 843107 844017 844022 844070 844072 844240 844241 844304 844321 844334 844350 844441 845015 845025 845026 846029 846032 847085 847089 847145 847161 850013 853076 881033 881034 881040 881050 882032 882043 882066 882090 882092 891012 892104 892162 892433 892598 
511024 511025 512025 512026 522028 811069 811207 811225 817081 821001 821002 821012 821146 821228 821351 822006 822007 822087 822136 822145 822164 824061 824070 824074 824083 824087 824095 824096 824144 824159 825013 831016 831050 831087 831100 831104 833037 841200 841254 841346 842046 843076 843107 843213 844017 844021 844038 844062 844072 844240 844241 844334 844350 844441 844625 845025 845026 845027 845033 846051 847085 847145 847161 850013 850014 850026 853049 870001 881033 881034 881035 881036 881037 881057 881058 881062 882032 882043 882051 882064 882066 882090 882092 882148 891011 891013 892104 892370 892433 
511024 511025 532406 811069 811225 821001 821002 821012 821228 821351 822006 822007 822087 822136 822164 822170 824057 824070 824074 824083 824087 824095 824096 824144 824159 825013 831016 831050 831087 831100 831104 831179 833037 835009 841160 841200 841254 842046 843075 843076 843107 843213 844021 844038 844072 844240 844304 844321 844334 844441 844625 845025 845027 846051 847085 847145 847161 850014 850026 853050 862006 870005 881033 881034 881035 881037 881038 881050 882043 882064 882090 882092 892104 892162 892202 892370 892598 
511024 511025 532133 532223 532406 811069 811225 821001 821002 821012 821146 821228 821351 822006 822007 822087 822136 822145 822164 822170 824057 824070 824074 824083 824087 824095 824096 824144 824159 831016 831050 831100 831179 833037 833072 835009 841160 843076 843107 843213 844017 844020 844021 844062 844072 844099 844240 844241 844304 844334 844350 844441 844625 845025 845026 845027 846032 847085 847145 847161 850014 850026 870009 881033 881036 881037 881058 881065 882043 882090 882092 891011 891013 891125 892104 892162 892370 892433 892598 
511024 512025 532106 532133 532223 811069 811225 821001 821002 821012 821146 821228 822006 822007 822087 822136 822164 824061 824070 824074 824083 824087 824096 824159 825012 831016 831050 831087 831100 831104 833037 833072 841160 841254 841346 843107 843213 844070 844072 844240 846032 847085 847145 847161 850013 870013 881033 881035 881057 882043 882051 892104 892162 892370 
511024 511025 512025 512026 521017 521024 522015 811207 811225 821001 821002 821012 821146 821228 822006 822007 822087 822164 824057 824061 824070 824074 824083 824087 824095 824096 824144 824159 825013 831016 831040 831050 831087 831100 831179 833037 833072 835009 841160 841254 841346 842046 843075 843107 843213 844017 844021 844062 844070 844072 844099 844174 844240 844241 844304 844321 844334 844350 844441 844625 845025 845026 845027 846032 846051 847085 847145 847161 850013 850014 853076 870017 881033 881035 881037 882032 882043 882064 882066 882090 882092 892104 892202 892370 892433 892598 
511024 511025 532106 532133 532162 532406 631045 811069 811207 811225 821001 821002 821012 821228 821351 822006 822007 822087 822136 824070 824074 824083 824095 824096 824159 825013 831016 831050 831087 831104 833037 833072 841029 842046 843107 843213 844017 844021 844240 844241 844321 844350 844625 845025 845026 845027 847085 847145 847161 850026 853050 870002 881033 881038 882032 882043 882090 892104 892162 892370 892433 
511024 511025 512025 512026 521017 521024 531032 531045 532106 532133 532223 631044 811069 811207 811225 817081 821001 821002 821012 821146 821228 822006 822007 822087 822136 822145 822164 824057 824070 824074 824083 824087 824096 824144 824159 825013 831016 831039 831040 831050 831087 833037 833072 835009 841200 841254 842046 842085 843075 843076 843213 844017 844021 844062 844070 844072 844240 844241 844321 844334 844350 844441 845025 845026 845027 846032 846051 847085 847145 847161 850014 850026 853050 853076 862006 870006 881033 881034 881035 881037 881065 882032 882043 882066 882090 882148 891011 891013 892104 892162 892202 892370 892433 892598 
523024 532133 532223 811069 822006 831050 841029 844072 870010 882043 
511024 511025 512025 521017 531033 811069 811207 811225 821001 821002 821012 821228 821351 822006 822007 822087 822136 822164 824061 824070 824074 824083 824087 824095 824096 824144 824159 825013 831016 831050 831087 831100 831179 833037 833072 835009 841029 841160 841200 841346 842046 842085 842162 843075 843076 843107 843213 844017 844020 844062 844072 844099 844240 844241 844350 844441 844625 845025 845026 845027 845033 846051 847085 847145 847161 850014 850026 853048 853049 853050 870014 881033 881034 881035 881036 881037 881060 881061 882032 882043 882064 882090 882092 882148 891125 892104 892162 892202 892433 892598 
511024 511025 521017 522028 532106 811069 811207 811225 821001 821002 821012 821146 821228 822006 822007 822087 822145 822164 824070 824074 824083 824087 824095 824096 824144 824159 825012 825013 831016 831040 831050 831087 833037 833072 835009 841029 841346 842046 842162 843075 843107 843213 844017 844020 844038 844070 844072 844099 844174 844240 844241 844304 844334 844350 844441 844625 845025 845026 845027 845033 846032 847085 847145 847161 850026 853048 853049 853050 853076 862006 870018 881001 881033 881035 881036 881037 881050 881057 882032 882043 882066 882090 882148 891127 892104 892162 892370 892433 
511024 511025 512025 631045 811069 811207 811225 817081 821001 821002 821012 821146 821228 821351 822006 822007 822087 822136 822164 824070 824074 824083 824087 824096 824144 824159 831016 831050 831087 831100 831179 833072 835009 841029 841160 841200 841254 841346 842046 842162 843076 843107 843213 844017 844020 844021 844022 844070 844072 844099 844174 844240 844241 844304 844321 844350 844625 845026 845027 845033 846032 847085 847145 847161 850014 850026 853050 870003 881033 881034 881035 881037 881060 881062 881065 882032 882043 882090 882148 891125 892104 892162 892202 892370 892433 892598 
133003 511024 511025 512025 514005 521024 523024 532106 631045 811069 811207 811225 821001 821002 821012 821146 821228 821351 822006 822007 822087 822136 822145 822164 822170 824057 824070 824074 824083 824087 824095 824096 824144 824159 825012 825013 831016 831050 831087 831100 831104 831179 833037 833072 835009 841029 841200 841346 842046 842085 843076 843107 843213 844017 844020 844022 844062 844070 844072 844099 844174 844240 844241 844304 844334 844350 844441 845025 845026 845027 845033 846032 846051 847145 847161 850014 850026 853050 862006 870007 881033 881034 881035 881036 881037 881038 881050 881057 881058 881060 881065 882032 882043 882051 882064 882090 882092 882148 891013 892104 892162 892202 892370 892433 892598 
